# Level 5 .mat file format
#
# temp.AAA = 123;
# temp.BBB = 456;
# temp.CCC = [1 2 3 4 5 6 7 8 9 10];
# temp.DDD = CCC';
#

# Header text
00000000 :
 4D 41 54 4C 41 42 20 35 2E 30 20 4D 41 54 2D 66
 69 6C 65 2C 20 50 6C 61 74 66 6F 72 6D 3A 20 50
 43 57 49 4E 36 34 2C 20 43 72 65 61 74 65 64 20
 6F 6E 3A 20 57 65 64 20 41 75 67 20 31 36 20 31
 34 3A 35 35 3A 33 36 20 32 30 32 33 20 20 20 20
 20 20 20 20 20 20 20 20 20 20 20 20 20 20 20 20
 20 20 20 20 20 20 20 20 20 20 20 20 20 20 20 20
 20 20 20 20

# Header subsystem data offset
00000074 :
 00 00 00 00 00 00 00 00

# Header flags
0000007C :
 00 01
 49 4D

# Data element
00000080 :
 # Tag field
 0E 00 00 00 # miMATRIX
 48 01 00 00
    # Array flags
    06 00 00 00
    08 00 00 00
       02 00 00 00 00 00 00 00
    # Dimensions array
    05 00 00 00
    08 00 00 00
       01 00 00 00 01 00 00 00
    # Array name
    01 00
    04 00
       74 65 6D 70
    # Field name length
    05 00
    04 00
       04 00 00 00
    # Field names
    01 00 00 00
    10 00 00 00
       41 41 41 00 42 42 42 00 43 43 43 00 44 44 44 00
    # Fields (AAA)
    0E 00 00 00
    30 00 00 00
       06 00 00 00
       08 00 00 00
          06 00 00 00 00 00 00 00
       05 00 00 00
       08 00 00 00
          01 00 00 00 01 00 00 00
       01 00 00 00
       00 00 00 00
          x
       02 00
       01 00
          7B 00 00 00
    # Fields (BBB)
    0E 00 00 00
    30 00 00 00
       06 00 00 00
       08 00 00 00
          06 00 00 00 00 00 00 00
       05 00 00 00
       08 00 00 00
          01 00 00 00 01 00 00 00
       01 00 00 00
       00 00 00 00
          x
       04 00
       02 00
          C8 01 00 00
    # Fields (CCC)
    0E 00 00 00
    40 00 00 00
       06 00 00 00
       08 00 00 00
          06 00 00 00 00 00 00 00
       05 00 00 00
       08 00 00 00
          01 00 00 00 0A 00 00 00
       01 00 00 00
       00 00 00 00
          x
       02 00 00 00
       0A 00 00 00
          01 02 03 04 05 06 07 08 09 0A 00 00 00 00 00 00
    # Fields (DDD)
    0E 00 00 00
    40 00 00 00
       06 00 00 00
       08 00 00 00
          06 00 00 00 00 00 00 00
       05 00 00 00
       08 00 00 00
          0A 00 00 00 01 00 00 00
       01 00 00 00
       00 00 00 00
          x
       02 00 00 00
       0A 00 00 00
          01 02 03 04 05 06 07 08 09 0A 00 00 00 00 00 00
